8 4077
9 2383
10 2300
11 1045
12 835
13 600
14 568
15 842
16 1041
17 948
18 2148
19 1841
20 2550
21 2433
22 2801
23 2813
24 2948
25 3001
26 3100
27 2946
28 3647
29 3661
30 3246
31 3496
32 3502
33 2124
34 5146
35 3509
36 4340
37 3712
38 4336
39 4430
40 4437
41 3932
42 4933
43 4322
44 5301
45 5144
46 4546
47 4916
48 4690
49 4730
50 4925
51 4166
52 5075
53 4658
54 4818
55 4600
56 4604
57 4476
58 4326
59 4146
60 4764
61 5044
62 4282
63 4434
64 4306
65 3548
66 6888
67 4148
68 5012
69 4464
70 4992
71 4578
72 4736
73 4262
74 5382
75 4330
76 4948
77 5182
78 4340
79 4762
80 4600
81 4104
82 5482
83 4316
84 5380
85 4802
86 5274
87 5010
88 5332
89 5634
90 5498
91 5224
92 6536
93 6860
94 5824
95 7264
96 7252
97 6354
98 9202
99 7674
100 9496
101 8880
102 9696
103 9704
104 10080
105 9226
106 11072
107 9640
108 11564
109 11512
110 9928
111 10698
112 10312
113 10172
114 10320
115 9045
116 10428
117 9190
118 9250
119 8766
120 8382
121 8600
122 7548
123 7344
124 8050
125 8326
126 6556
127 7354
128 6492
129 3142
130 11994
131 6082
132 7468
133 6524
134 7130
135 6730
136 6596
137 6168
138 7460
139 6304
140 7530
141 7776
142 6888
143 7958
144 7610
145 7002
146 10024
147 8304
148 10434
149 9900
150 11296
151 11378
152 12140
153 13000
154 13506
155 13318
156 17158
157 18256
158 15628
159 18518
160 18876
161 14814
162 25994
163 19794
164 25104
165 22474
166 25004
167 24036
168 24588
169 22595
170 26878
171 22794
172 26591
173 26600
174 22246
175 24194
176 22620
177 22988
178 22366
179 19360
180 22870
181 19660
182 19558
183 18342
184 17434
185 17594
186 15798
187 14730
188 16353
189 16134
190 12750
191 13784
192 12800
193 11178
194 14462
195 10362
196 12354
197 10180
198 10582
199 9644
200 9192
201 7978
202 9342
203 7760
204 8642
205 8014
206 6716
207 6920
208 6522
209 5822
210 6806
211 5316
212 6170
213 5462
214 5172
215 4906
216 4970
217 5006
218 4494
219 4090
220 4512
221 4998
222 3724
223 4034
224 4084
225 3714
226 4154
227 3580
228 4318
229 3798
230 3908
231 3698
232 3758
233 3450
234 4028
235 3396
236 4185
237 4346
238 3410
239 3826
240 3624
241 4100
242 3492
243 3384
244 4024
245 3856
246 3808
247 3630
248 3626
249 3988
250 3412
251 3300
252 4056
253 4244
254 3330
255 3726
256 2998
257 804
258 7284
259 3458
260 4028
261 3606
262 4038
263 3622
264 3700
265 3292
266 4256
267 3438
268 4132
269 4074
270 3564
271 3832
272 3810
273 3234
274 4512
275 3510
276 4308
277 3936
278 4002
279 4014
280 3892
281 4084
282 4006
283 3658
284 4316
285 4408
286 3540
287 4188
288 3956
289 3078
290 4964
291 3856
292 4368
293 4128
294 4340
295 4074
296 4202
297 4086
298 4336
299 3836
300 4470
301 4615
302 3948
303 4174
304 4164
305 4268
306 4200
307 3846
308 4492
309 4272
310 4078
311 4200
312 4044
313 4318
314 3682
315 3700
316 4304
317 4416
318 3634
319 4038
320 3820
321 3624
322 5126
323 3600
324 4318
325 3682
326 4158
327 3974
328 3902
329 3414
330 4196
331 3550
332 4076
333 4118
334 3720
335 3756
336 3554
337 3440
338 4266
339 3442
340 4174
341 3950
342 4024
343 3880
344 3924
345 4162
346 3770
347 3692
348 4370
349 4710
350 3732
351 4302
352 4154
353 4038
354 4762
355 3932
356 5016
357 4472
358 4722
359 4674
360 4733
361 4652
362 4872
363 4344
364 5378
365 5494
366 4554
367 5028
368 4974
369 5526
370 4954
371 4600
372 5370
373 4958
374 5212
375 4980
376 5012
377 5020
378 4584
379 4570
380 5296
381 5356
382 4240
383 4992
384 4180
385 3716
386 5808
387 3912
388 4670
389 3970
390 4482
391 3999
392 3894
393 3506
394 4070
395 3444
396 3926
397 4048
398 3264
399 3394
400 3406
401 2932
402 3592
403 2832
404 3120
405 3106
406 2820
407 2836
408 2758
409 2978
410 2608
411 2578
412 2810
413 2744
414 2396
415 2448
416 2496
417 2082
418 2878
419 2124
420 2672
421 2288
422 2408
423 2344
424 2294
425 2140
426 2290
427 2240
428 2480
429 2630
430 2152
431 2286
432 2140
433 2276
434 2392
435 2046
436 2472
437 2280
438 2474
439 2458
440 2302
441 2570
442 2320
443 2300
444 2796
445 2948
446 2254
447 2702
448 2634
449 3324
450 2946
451 2512
452 3112
453 2870
454 2990
455 2886
456 2876
457 2716
458 3308
459 2880
460 3438
461 3486
462 2878
463 3030
464 3100
465 3094
466 3464
467 3018
468 3580
469 3340
470 3362
471 3100
472 3362
473 3398
474 3084
475 2970
476 3530
477 3700
478 2848
479 3156
480 2982
481 3012
482 3122
483 2920
484 3436
485 3174
486 3014
487 2962
488 3076
489 2946
490 3010
491 2690
492 3014
493 3136
494 2440
495 2734
496 2646
497 3062
498 2502
499 2298
500 2856
501 2582
502 2510
503 2282
504 2292
505 2656
506 1942
507 2040
508 2308
509 2482
510 1990
511 2306
512 1790
513 442
514 4832
515 1828
516 2426
517 2180
518 2290
519 2156
520 2144
521 1904
522 2458
523 2050
524 2450
525 2404
526 2042
527 2234
528 2224
529 2046
530 2850
531 2192
532 2600
533 2406
534 2640
535 2560
536 2478
537 2638
538 2642
539 2488
540 3040
541 3254
542 2606
543 2886
544 2968
545 2232
546 3894
547 2846
548 3396
549 3160
550 3492
551 3406
552 3370
553 3200
554 3644
555 3168
556 3696
557 3902
558 3356
559 3788
560 3464
561 3878
562 3798
563 3338
564 4128
565 3910
566 3866
567 3784
568 3892
569 4218
570 3428
571 3472
572 3908
573 4294
574 3358
575 3732
576 3486
577 3178
578 4614
579 3158
580 3846
581 3352
582 3556
583 3428
584 3412
585 3084
586 3256
587 3064
588 3230
589 3360
590 2754
591 3156
592 2984
593 2716
594 3220
595 2404
596 3112
597 2606
598 2632
599 2706
600 2648
601 2540
602 2382
603 2234
604 2560
605 2532
606 2088
607 2366
608 2196
609 2058
610 2466
611 1944
612 2414
613 2342
614 2330
615 2346
616 2326
617 2052
618 2266
619 2038
620 2342
621 2470
622 1964
623 2324
624 2242
625 2634
626 2298
627 2250
628 2658
629 2474
630 2574
631 2600
632 2650
633 2838
634 2456
635 2726
636 3162
637 3282
638 2626
639 3204
640 2984
641 2640
642 4612
643 3018
644 3758
645 3266
646 3598
647 3484
648 3510
649 3496
650 3984
651 3382
652 4024
653 4210
654 3436
655 3892
656 3874
657 3572
658 4434
659 3582
660 4248
661 4030
662 4116
663 4038
664 3912
665 4332
666 3768
667 3880
668 4440
669 4606
670 3734
671 4048
672 3894
673 3150
674 4860
675 3702
676 4356
677 3816
678 3856
679 3818
680 3602
681 3642
682 3592
683 3436
684 3794
685 3744
686 3116
687 3514
688 3258
689 3574
690 3192
691 2862
692 3454
693 3096
694 2932
695 2846
696 2834
697 3086
698 2558
699 2448
700 2768
701 2880
702 2184
703 2608
704 2342
705 3184
706 2424
707 2034
708 2360
709 2040
710 2044
711 2022
712 1892
713 1840
714 1902
715 1616
716 1800
717 1810
718 1502
719 1772
720 1614
721 1676
722 1656
723 1372
724 1612
725 1474
726 1464
727 1440
728 1360
729 1446
730 1100
731 1294
732 1336
733 1450
734 1052
735 1184
736 1170
737 1096
738 1058
739 1086
740 1224
741 1208
742 1150
743 1074
744 1134
745 996
746 1134
747 972
748 1142
749 1242
750 880
751 1058
752 882
753 1168
754 926
755 870
756 1078
757 1052
758 952
759 994
760 912
761 1038
762 896
763 836
764 978
765 1038
766 754
767 938
768 852
769 898
770 1036
771 826
772 964
773 898
774 886
775 860
776 816
777 808
778 910
779 728
780 882
781 872
782 736
783 836
784 688
785 714
786 868
787 696
788 802
789 784
790 788
791 710
792 700
793 766
794 738
795 702
796 698
797 762
798 602
799 686
800 704
801 626
802 766
803 588
804 758
805 710
806 740
807 704
808 660
809 562
810 620
811 582
812 734
813 784
814 616
815 648
816 704
817 662
818 632
819 604
820 690
821 686
822 590
823 614
824 564
825 740
826 604
827 582
828 662
829 728
830 568
831 628
832 582
833 704
834 744
835 590
836 646
837 542
838 622
839 616
840 632
841 548
842 514
843 592
844 566
845 688
846 560
847 632
848 546
849 534
850 558
851 568
852 638
853 546
854 570
855 598
856 546
857 652
858 532
859 534
860 602
861 654
862 534
863 602
864 564
865 608
866 557
867 564
868 606
869 576
870 542
871 544
872 564
873 572
874 584
875 496
876 592
877 586
878 512
879 576
880 572
881 670
882 478
883 504
884 642
885 580
886 534
887 524
888 432
889 642
890 450
891 500
892 594
893 598
894 468
895 604
896 502
897 712
898 534
899 492
900 564
901 498
902 544
903 522
904 466
905 518
906 530
907 466
908 540
909 582
910 476
911 516
912 546
913 532
914 570
915 474
916 498
917 546
918 500
919 498
920 526
921 546
922 490
923 482
924 554
925 632
926 428
927 562
928 546
929 426
930 570
931 390
932 574
933 510
934 520
935 516
936 528
937 500
938 498
939 480
940 494
941 542
942 454
943 540
944 456
945 520
946 402
947 422
948 512
949 506
950 542
951 494
952 500
953 528
954 432
955 512
956 544
957 608
958 472
959 512
960 488
961 660
962 440
963 474
964 512
965 532
966 540
967 492
968 450
969 504
970 512
971 500
972 512
973 558
974 486
975 526
976 476
977 486
978 468
979 432
980 526
981 510
982 500
983 454
984 514
985 516
986 458
987 496
988 522
989 554
990 370
991 486
992 458
993 496
994 414
995 470
996 552
997 484
998 482
999 458
1000 468
1001 526
1002 458
1003 464
1004 544
1005 610
1006 468
1007 486
1008 548
1009 550
1010 428
1011 472
1012 562
1013 566
1014 454
1015 524
1016 502
1017 662
1018 464
1019 560
1020 492
1021 668
1022 486
1023 556
1024 358
1025 50
1026 1316
1027 538
1028 634
1029 580
1030 676
1031 618
1032 688
1033 606
1034 788
1035 620
1036 762
1037 794
1038 598
1039 716
1040 716
1041 628
1042 814
1043 664
1044 772
1045 732
1046 740
1047 742
1048 844
1049 758
1050 842
1051 700
1052 930
1053 980
1054 824
1055 932
1056 852
1057 630
1058 1146
1059 988
1060 996
1061 1006
1062 992
1063 974
1064 954
1065 1000
1066 1128
1067 1018
1068 1290
1069 1206
1070 1082
1071 1128
1072 1186
1073 1230
1074 1122
1075 1050
1076 1272
1077 1200
1078 1216
1079 1264
1080 1126
1081 1288
1082 1110
1083 1164
1084 1346
1085 1460
1086 1072
1087 1284
1088 1232
1089 1096
1090 1644
1091 1228
1092 1334
1093 1234
1094 1350
1095 1324
1096 1234
1097 1184
1098 1414
1099 1156
1100 1470
1101 1436
1102 1260
1103 1282
1104 1338
1105 1264
1106 1402
1107 1214
1108 1334
1109 1366
1110 1244
1111 1284
1112 1224
1113 1322
1114 1090
1115 1162
1116 1238
1117 1508
1118 1126
1119 1240
1120 1208
1121 1044
1122 1198
1123 972
1124 1306
1125 1170
1126 1100
1127 1170
1128 1032
1129 1126
1130 1024
1131 948
1132 1140
1133 1120
1134 896
1135 974
1136 948
1137 1154
1138 894
1139 858
1140 1020
1141 908
1142 872
1143 904
1144 840
1145 966
1146 744
1147 756
1148 854
1149 866
1150 736
1151 732
1152 778
1153 720
1154 1058
1155 710
1156 730
1157 702
1158 686
1159 692
1160 612
1161 600
1162 660
1163 556
1164 732
1165 664
1166 466
1167 572
1168 570
1169 538
1170 580
1171 514
1172 542
1173 502
1174 532
1175 570
1176 516
1177 526
1178 510
1179 558
1180 548
1181 548
1182 444
1183 464
1184 536
1185 404
1186 504
1187 448
1188 502
1189 460
1190 422
1191 460
1192 472
1193 436
1194 490
1195 384
1196 446
1197 488
1198 364
1199 416
1200 406
1201 480
1202 404
1203 368
1204 436
1205 416
1206 408
1207 382
1208 440
1209 470
1210 362
1211 436
1212 506
1213 518
1214 394
1215 402
1216 384
1217 480
1218 368
1219 402
1220 484
1221 374
1222 422
1223 420
1224 392
1225 400
1226 394
1227 348
1228 448
1229 428
1230 310
1231 392
1232 426
1233 402
1234 380
1235 356
1236 422
1237 398
1238 372
1239 398
1240 412
1241 452
1242 356
1243 308
1244 448
1245 474
1246 320
1247 404
1248 352
1249 400
1250 380
1251 362
1252 424
1253 412
1254 380
1255 404
1256 354
1257 436
1258 348
1259 386
1260 388
1261 496
1262 322
1263 418
1264 410
1265 444
1266 316
1267 376
1268 454
1269 428
1270 412
1271 358
1272 434
1273 436
1274 326
1275 304
1276 408
1277 468
1278 330
1279 376
1280 376
1281 320
1282 500
1283 352
1284 440
1285 374
1286 394
1287 350
1288 374
1289 402
1290 394
1291 374
1292 450
1293 452
1294 318
1295 406
1296 420
1297 398
1298 400
1299 340
1300 460
1301 414
1302 328
1303 378
1304 366
1305 416
1306 310
1307 374
1308 384
1309 454
1310 360
1311 378
1312 424
1313 326
1314 490
1315 372
1316 432
1317 416
1318 392
1319 396
1320 404
1321 440
1322 350
1323 360
1324 478
1325 482
1326 366
1327 490
1328 356
1329 478
1330 360
1331 384
1332 406
1333 400
1334 408
1335 424
1336 392
1337 442
1338 340
1339 366
1340 470
1341 522
1342 358
1343 426
1344 412
1345 456
1346 538
1347 376
1348 512
1349 434
1350 436
1351 432
1352 442
1353 402
1354 400
1355 354
1356 464
1357 500
1358 334
1359 408
1360 400
1361 444
1362 400
1363 382
1364 398
1365 432
1366 444
1367 476
1368 410
1369 520
1370 314
1371 412
1372 434
1373 516
1374 378
1375 400
1376 350
1377 406
1378 380
1379 380
1380 434
1381 422
1382 410
1383 460
1384 374
1385 406
1386 386
1387 422
1388 428
1389 448
1390 318
1391 378
1392 398
1393 476
1394 310
1395 424
1396 438
1397 428
1398 402
1399 390
1400 334
1401 398
1402 390
1403 360
1404 398
1405 474
1406 330
1407 370
1408 390
1409 434
1410 364
1411 360
1412 404
1413 328
1414 356
1415 410
1416 362
1417 388
1418 332
1419 394
1420 380
1421 462
1422 348
1423 354
1424 426
1425 368
1426 352
1427 336
1428 388
1429 432
1430 344
1431 362
1432 324
1433 410
1434 304
1435 324
1436 382
1437 438
1438 292
1439 406
1440 326
1441 370
1442 320
1443 380
1444 416
1445 368
1446 394
1447 380
1448 372
1449 354
1450 374
1451 318
1452 376
1453 394
1454 296
1455 360
1456 352
1457 440
1458 286
1459 330
1460 382
1461 408
1462 354
1463 322
1464 294
1465 424
1466 320
1467 366
1468 366
1469 382
1470 338
1471 372
1472 352
1473 460
1474 306
1475 316
1476 342
1477 358
1478 370
1479 278
1480 324
1481 368
1482 334
1483 352
1484 372
1485 460
1486 284
1487 388
1488 326
1489 398
1490 324
1491 352
1492 348
1493 390
1494 344
1495 330
1496 334
1497 392
1498 308
1499 378
1500 350
1501 384
1502 304
1503 364
1504 336
1505 400
1506 272
1507 330
1508 376
1509 378
1510 354
1511 364
1512 302
1513 398
1514 324
1515 306
1516 310
1517 444
1518 332
1519 322
1520 338
1521 458
1522 226
1523 292
1524 344
1525 354
1526 318
1527 354
1528 350
1529 392
1530 288
1531 278
1532 370
1533 380
1534 270
1535 338
1536 296
1537 446
1538 248
1539 288
1540 328
1541 316
1542 322
1543 354
1544 300
1545 312
1546 312
1547 282
1548 316
1549 388
1550 274
1551 324
1552 362
1553 352
1554 302
1555 300
1556 372
1557 334
1558 244
1559 330
1560 322
1561 346
1562 256
1563 290
1564 344
1565 396
1566 228
1567 328
1568 316
1569 316
1570 316
1571 302
1572 344
1573 352
1574 318
1575 332
1576 316
1577 334
1578 280
1579 300
1580 370
1581 332
1582 292
1583 324
1584 346
1585 388
1586 260
1587 272
1588 330
1589 358
1590 290
1591 322
1592 292
1593 398
1594 238
1595 278
1596 284
1597 376
1598 266
1599 278
1600 290
1601 370
1602 280
1603 248
1604 288
1605 324
1606 262
1607 292
1608 312
1609 294
1610 320
1611 272
1612 306
1613 402
1614 284
1615 348
1616 288
1617 280
1618 248
1619 322
1620 346
1621 304
1622 334
1623 314
1624 288
1625 346
1626 236
1627 278
1628 308
1629 308
1630 218
1631 282
1632 240
1633 328
1634 268
1635 276
1636 310
1637 330
1638 264
1639 296
1640 292
1641 310
1642 286
1643 280
1644 286
1645 296
1646 226
1647 330
1648 294
1649 354
1650 204
1651 278
1652 306
1653 284
1654 264
1655 256
1656 304
1657 338
1658 214
1659 270
1660 284
1661 294
1662 240
1663 340
1664 258
1665 272
1666 242
1667 278
1668 268
1669 294
1670 236
1671 256
1672 240
1673 256
1674 292
1675 244
1676 238
1677 326
1678 228
1679 274
1680 220
1681 296
1682 276
1683 248
1684 322
1685 246
1686 250
1687 276
1688 276
1689 284
1690 218
1691 242
1692 240
1693 310
1694 240
1695 262
1696 270
1697 280
1698 240
1699 196
1700 308
1701 246
1702 274
1703 224
1704 242
1705 292
1706 234
1707 232
1708 256
1709 288
1710 212
1711 264
1712 252
1713 288
1714 186
1715 204
1716 262
1717 298
1718 252
1719 238
1720 248
1721 290
1722 210
1723 252
1724 226
1725 332
1726 202
1727 222
1728 226
1729 358
1730 220
1731 216
1732 226
1733 254
1734 244
1735 230
1736 216
1737 264
1738 262
1739 238
1740 238
1741 268
1742 178
1743 234
1744 224
1745 306
1746 220
1747 204
1748 254
1749 208
1750 240
1751 192
1752 244
1753 276
1754 214
1755 190
1756 236
1757 286
1758 194
1759 214
1760 236
1761 288
1762 194
1763 192
1764 232
1765 232
1766 188
1767 262
1768 248
1769 266
1770 240
1771 208
1772 250
1773 252
1774 174
1775 262
1776 222
1777 314
1778 174
1779 178
1780 242
1781 246
1782 272
1783 216
1784 214
1785 280
1786 168
1787 220
1788 226
1789 306
1790 210
1791 230
1792 232
1793 394
1794 138
1795 212
1796 302
1797 252
1798 240
1799 222
1800 260
1801 208
1802 232
1803 206
1804 262
1805 306
1806 170
1807 254
1808 246
1809 276
1810 206
1811 244
1812 224
1813 278
1814 202
1815 252
1816 236
1817 290
1818 196
1819 230
1820 246
1821 306
1822 226
1823 240
1824 250
1825 272
1826 218
1827 264
1828 252
1829 288
1830 210
1831 238
1832 222
1833 254
1834 254
1835 236
1836 321
1837 284
1838 228
1839 264
1840 264
1841 330
1842 214
1843 256
1844 264
1845 272
1846 216
1847 310
1848 282
1849 300
1850 194
1851 246
1852 288
1853 374
1854 238
1855 290
1856 268
1857 328
1858 244
1859 286
1860 302
1861 300
1862 276
1863 276
1864 244
1865 300
1866 280
1867 294
1868 304
1869 322
1870 236
1871 312
1872 276
1873 324
1874 226
1875 288
1876 288
1877 340
1878 256
1879 308
1880 304
1881 358
1882 236
1883 278
1884 314
1885 344
1886 198
1887 282
1888 300
1889 350
1890 278
1891 270
1892 330
1893 320
1894 296
1895 306
1896 314
1897 316
1898 298
1899 304
1900 268
1901 354
1902 218
1903 300
1904 294
1905 402
1906 222
1907 324
1908 328
1909 306
1910 244
1911 300
1912 280
1913 336
1914 198
1915 228
1916 262
1917 340
1918 186
1919 300
1920 260
1921 392
1922 166
1923 252
1924 308
1925 308
1926 312
1927 288
1928 266
1929 318
1930 296
1931 258
1932 248
1933 310
1934 240
1935 278
1936 266
1937 280
1938 242
1939 246
1940 290
1941 286
1942 236
1943 238
1944 246
1945 298
1946 194
1947 226
1948 250
1949 314
1950 222
1951 264
1952 244
1953 286
1954 246
1955 240
1956 254
1957 256
1958 266
1959 256
1960 252
1961 296
1962 244
1963 213
1964 258
1965 300
1966 232
1967 240
1968 178
1969 312
1970 174
1971 224
1972 222
1973 270
1974 220
1975 236
1976 216
1977 296
1978 170
1979 236
1980 244
1981 254
1982 160
1983 224
1984 186
1985 356
1986 176
1987 224
1988 190
1989 240
1990 194
1991 234
1992 190
1993 222
1994 188
1995 172
1996 190
1997 264
1998 186
1999 206
2000 214
2001 266
2002 184
2003 160
2004 186
2005 218
2006 186
2007 176
2008 188
2009 238
2010 172
2011 214
2012 218
2013 220
2014 184
2015 178
2016 204
2017 274
2018 134
2019 202
2020 244
2021 218
2022 178
2023 260
2024 212
2025 250
2026 178
2027 200
2028 198
2029 224
2030 186
2031 254
2032 204
2033 260
2034 152
2035 172
2036 206
2037 232
2038 176
2039 200
2040 222
2041 262
2042 154
2043 166
2044 214
2045 264
2046 150
2047 214
2048 194
2049 216
2050 110
2051 174
2052 222
2053 188
2054 224
2055 184
2056 208
2057 200
2058 250
2059 192
2060 214
2061 256
2062 178
2063 172
2064 180
2065 156
2066 198
2067 204
2068 238
2069 184
2070 216
2071 198
2072 210
2073 212
2074 184
2075 180
2076 234
2077 226
2078 164
2079 178
2080 174
2081 122
2082 258
2083 176
2084 230
2085 178
2086 220
2087 186
2088 180
2089 150
2090 218
2091 184
2092 232
2093 200
2094 160
2095 206
2096 180
2097 190
2098 190
2099 176
2100 224
2101 200
2102 184
2103 202
2104 170
2105 220
2106 202
2107 158
2108 192
2109 222
2110 190
2111 208
2112 172
2113 166
2114 338
2115 182
2116 212
2117 206
2118 170
2119 194
2120 172
2121 180
2122 208
2123 152
2124 188
2125 186
2126 200
2127 206
2128 198
2129 152
2130 204
2131 152
2132 176
2133 186
2134 198
2135 162
2136 164
2137 188
2138 144
2139 172
2140 194
2141 200
2142 150
2143 196
2144 184
2145 150
2146 198
2147 162
2148 214
2149 154
2150 170
2151 146
2152 196
2153 154
2154 172
2155 168
2156 196
2157 174
2158 158
2159 150
2160 178
2161 180
2162 164
2163 164
2164 170
2165 144
2166 174
2167 180
2168 142
2169 176
2170 172
2171 132
2172 220
2173 206
2174 140
2175 188
2176 158
2177 96
2178 268
2179 118
2180 170
2181 194
2182 216
2183 158
2184 160
2185 156
2186 178
2187 150
2188 150
2189 212
2190 110
2191 176
2192 120
2193 144
2194 174
2195 172
2196 178
2197 182
2198 162
2199 168
2200 164
2201 142
2202 148
2203 154
2204 194
2205 138
2206 162
2207 172
2208 142
2209 136
2210 226
2211 150
2212 194
2213 160
2214 164
2215 154
2216 176
2217 148
2218 178
2219 150
2220 174
2221 164
2222 156
2223 160
2224 178
2225 152
2226 142
2227 140
2228 188
2229 182
2230 164
2231 164
2232 174
2233 194
2234 150
2235 144
2236 176
2237 162
2238 156
2239 152
2240 182
2241 162
2242 194
2243 136
2244 182
2245 182
2246 188
2247 168
2248 178
2249 162
2250 172
2251 164
2252 204
2253 198
2254 154
2255 168
2256 194
2257 206
2258 160
2259 174
2260 202
2261 168
2262 208
2263 172
2264 190
2265 192
2266 114
2267 142
2268 166
2269 190
2270 180
2271 176
2272 152
2273 184
2274 196
2275 186
2276 196
2277 214
2278 174
2279 174
2280 182
2281 134
2282 152
2283 176
2284 170
2285 182
2286 156
2287 172
2288 178
2289 226
2290 144
2291 166
2292 188
2293 246
2294 186
2295 170
2296 172
2297 172
2298 158
2299 168
2300 158
2301 178
2302 152
2303 186
2304 156
2305 106
2306 276
2307 160
2308 222
2309 162
2310 190
2311 134
2312 188
2313 154
2314 196
2315 132
2316 190
2317 208
2318 148
2319 152
2320 196
2321 132
2322 208
2323 172
2324 182
2325 162
2326 194
2327 174
2328 170
2329 174
2330 136
2331 168
2332 178
2333 188
2334 146
2335 170
2336 188
2337 156
2338 186
2339 140
2340 184
2341 174
2342 158
2343 180
2344 188
2345 138
2346 156
2347 116
2348 162
2349 166
2350 96
2351 166
2352 178
2353 186
2354 160
2355 158
2356 198
2357 132
2358 148
2359 178
2360 144
2361 150
2362 154
2363 148
2364 180
2365 182
2366 128
2367 218
2368 144
2369 134
2370 188
2371 140
2372 158
2373 162
2374 156
2375 164
2376 158
2377 146
2378 170
2379 122
2380 170
2381 150
2382 132
2383 124
2384 164
2385 142
2386 164
2387 162
2388 208
2389 158
2390 150
2391 140
2392 152
2393 188
2394 112
2395 130
2396 148
2397 176
2398 130
2399 164
2400 174
2401 156
2402 148
2403 128
2404 150
2405 134
2406 154
2407 140
2408 122
2409 138
2410 140
2411 126
2412 190
2413 184
2414 100
2415 156
2416 148
2417 154
2418 134
2419 160
2420 154
2421 152
2422 120
2423 186
2424 144
2425 148
2426 156
2427 160
2428 154
2429 184
2430 124
2431 162
2432 144
2433 156
2434 162
2435 150
2436 152
2437 144
2438 134
2439 140
2440 134
2441 140
2442 144
2443 112
2444 118
2445 166
2446 152
2447 132
2448 112
2449 140
2450 156
2451 130
2452 112
2453 150
2454 122
2455 98
2456 108
2457 154
2458 108
2459 134
2460 160
2461 140
2462 124
2463 134
2464 140
2465 100
2466 140
2467 116
2468 124
2469 108
2470 122
2471 142
2472 128
2473 152
2474 134
2475 118
2476 122
2477 136
2478 116
2479 118
2480 120
2481 154
2482 116
2483 122
2484 96
2485 128
2486 110
2487 138
2488 102
2489 100
2490 112
2491 92
2492 126
2493 100
2494 70
2495 146
2496 102
2497 158
2498 108
2499 102
2500 116
2501 116
2502 112
2503 72
2504 134
2505 122
2506 124
2507 96
2508 100
2509 122
2510 110
2511 104
2512 90
2513 92
2514 94
2515 82
2516 116
2517 118
2518 70
2519 88
2520 110
2521 130
2522 78
2523 92
2524 112
2525 112
2526 72
2527 132
2528 102
2529 96
2530 86
2531 84
2532 112
2533 94
2534 90
2535 102
2536 112
2537 90
2538 78
2539 80
2540 114
2541 110
2542 104
2543 78
2544 78
2545 112
2546 78
2547 84
2548 92
2549 106
2550 98
2551 86
2552 80
2553 122
2554 84
2555 78
2556 92
2557 106
2558 52
2559 86
2560 88
2561 52
2562 112
2563 92
2564 98
2565 62
2566 100
2567 114
2568 76
2569 62
2570 84
2571 74
2572 108
2573 74
2574 74
2575 92
2576 80
2577 82
2578 88
2579 80
2580 82
2581 78
2582 90
2583 70
2584 62
2585 80
2586 66
2587 88
2588 76
2589 76
2590 80
2591 66
2592 52
2593 66
2594 70
2595 78
2596 68
2597 82
2598 80
2599 68
2600 88
2601 66
2602 68
2603 64
2604 76
2605 104
2606 78
2607 84
2608 106
2609 114
2610 62
2611 92
2612 74
2613 80
2614 76
2615 86
2616 64
2617 92
2618 52
2619 58
2620 102
2621 84
2622 54
2623 84
2624 64
2625 74
2626 78
2627 60
2628 76
2629 62
2630 80
2631 72
2632 72
2633 68
2634 72
2635 54
2636 80
2637 80
2638 66
2639 82
2640 68
2641 70
2642 64
2643 68
2644 48
2645 56
2646 66
2647 66
2648 52
2649 82
2650 76
2651 36
2652 68
2653 104
2654 46
2655 68
2656 58
2657 86
2658 60
2659 50
2660 62
2661 60
2662 62
2663 72
2664 76
2665 74
2666 66
2667 74
2668 76
2669 68
2670 48
2671 98
2672 64
2673 82
2674 60
2675 84
2676 70
2677 70
2678 62
2679 64
2680 52
2681 84
2682 72
2683 78
2684 70
2685 74
2686 50
2687 82
2688 56
2689 70
2690 80
2691 74
2692 72
2693 68
2694 70
2695 72
2696 84
2697 66
2698 86
2699 74
2700 90
2701 80
2702 68
2703 66
2704 78
2705 78
2706 80
2707 74
2708 62
2709 68
2710 62
2711 78
2712 82
2713 94
2714 52
2715 86
2716 74
2717 92
2718 64
2719 86
2720 64
2721 74
2722 50
2723 68
2724 68
2725 82
2726 74
2727 120
2728 70
2729 78
2730 80
2731 68
2732 74
2733 94
2734 70
2735 74
2736 80
2737 104
2738 86
2739 72
2740 90
2741 84
2742 76
2743 84
2744 68
2745 90
2746 64
2747 86
2748 94
2749 92
2750 54
2751 50
2752 92
2753 110
2754 66
2755 88
2756 92
2757 86
2758 88
2759 70
2760 62
2761 94
2762 84
2763 84
2764 72
2765 116
2766 62
2767 102
2768 56
2769 120
2770 84
2771 76
2772 88
2773 98
2774 84
2775 86
2776 100
2777 94
2778 52
2779 76
2780 78
2781 126
2782 82
2783 96
2784 74
2785 86
2786 80
2787 90
2788 126
2789 106
2790 114
2791 88
2792 104
2793 126
2794 74
2795 84
2796 72
2797 94
2798 78
2799 92
2800 100
2801 102
2802 56
2803 68
2804 102
2805 82
2806 60
2807 104
2808 74
2809 82
2810 68
2811 78
2812 78
2813 114
2814 72
2815 88
2816 60
2817 134
2818 56
2819 72
2820 60
2821 88
2822 80
2823 88
2824 74
2825 86
2826 92
2827 88
2828 86
2829 88
2830 68
2831 72
2832 90
2833 106
2834 76
2835 44
2836 94
2837 64
2838 58
2839 64
2840 92
2841 88
2842 48
2843 68
2844 86
2845 92
2846 60
2847 72
2848 76
2849 44
2850 60
2851 72
2852 66
2853 62
2854 74
2855 68
2856 74
2857 58
2858 50
2859 46
2860 76
2861 88
2862 68
2863 58
2864 66
2865 76
2866 38
2867 68
2868 52
2869 52
2870 64
2871 68
2872 62
2873 68
2874 60
2875 48
2876 56
2877 68
2878 54
2879 76
2880 44
2881 72
2882 60
2883 60
2884 72
2885 70
2886 62
2887 46
2888 58
2889 44
2890 68
2891 42
2892 52
2893 86
2894 58
2895 68
2896 52
2897 88
2898 48
2899 60
2900 58
2901 64
2902 52
2903 62
2904 56
2905 72
2906 32
2907 48
2908 28
2909 60
2910 56
2911 34
2912 62
2913 56
2914 38
2915 52
2916 60
2917 46
2918 54
2919 36
2920 44
2921 48
2922 44
2923 50
2924 46
2925 60
2926 46
2927 36
2928 64
2929 52
2930 22
2931 46
2932 70
2933 46
2934 34
2935 54
2936 60
2937 32
2938 24
2939 40
2940 44
2941 40
2942 40
2943 50
2944 40
2945 68
2946 34
2947 50
2948 44
2949 50
2950 40
2951 42
2952 48
2953 44
2954 50
2955 18
2956 58
2957 46
2958 32
2959 38
2960 34
2961 52
2962 42
2963 38
2964 48
2965 44
2966 32
2967 48
2968 38
2969 66
2970 48
2971 50
2972 44
2973 76
2974 42
2975 56
2976 46
2977 44
2978 38
2979 38
2980 28
2981 40
2982 34
2983 32
2984 32
2985 26
2986 42
2987 48
2988 36
2989 36
2990 36
2991 44
2992 36
2993 48
2994 28
2995 44
2996 28
2997 32
2998 36
2999 50
3000 36
3001 50
3002 40
3003 28
3004 22
3005 54
3006 32
3007 30
3008 34
3009 66
3010 18
3011 28
3012 52
3013 38
3014 36
3015 40
3016 28
3017 20
3018 24
3019 44
3020 26
3021 34
3022 22
3023 40
3024 32
3025 42
3026 14
3027 32
3028 32
3029 30
3030 22
3031 26
3032 58
3033 36
3034 32
3035 34
3036 42
3037 34
3038 30
3039 28
3040 34
3041 40
3042 28
3043 16
3044 32
3045 26
3046 36
3047 28
3048 28
3049 30
3050 30
3051 24
3052 28
3053 26
3054 24
3055 36
3056 28
3057 44
3058 22
3059 32
3060 28
3061 40
3062 26
3063 30
3064 22
3065 34
3066 20
3067 38
3068 36
3069 26
3070 18
3071 28
3072 30
3073 42
3074 6
3075 20
3076 36
3077 18
3078 20
3079 40
3080 18
3081 12
3082 44
3083 24
3084 26
3085 32
3086 14
3087 14
3088 28
3089 26
3090 20
3091 24
3092 24
3093 20
3094 26
3095 28
3096 14
3097 42
3098 24
3099 18
3100 18
3101 20
3102 20
3103 20
3104 16
3105 18
3106 26
3107 24
3108 28
3109 22
3110 28
3111 16
3112 22
3113 20
3114 24
3115 18
3116 18
3117 36
3118 8
3119 16
3120 26
3121 38
3122 24
3123 16
3124 24
3125 22
3126 10
3127 18
3128 16
3129 18
3130 14
3131 30
3132 18
3133 20
3134 20
3135 18
3136 18
3137 18
3138 22
3139 18
3140 18
3141 20
3142 14
3143 28
3144 18
3145 20
3146 20
3147 24
3148 18
3149 12
3150 20
3151 28
3152 14
3153 18
3154 32
3155 12
3156 22
3157 18
3158 12
3159 18
3160 14
3161 18
3162 14
3163 22
3164 18
3165 22
3166 20
3167 10
3168 26
3169 18
3170 20
3171 24
3172 22
3173 16
3174 20
3175 12
3176 16
3177 30
3178 20
3179 10
3180 20
3181 16
3182 12
3183 14
3184 18
3185 16
3186 12
3187 14
3188 18
3189 20
3190 26
3191 12
3192 26
3193 12
3194 16
3195 12
3196 16
3197 20
3198 18
3199 16
3200 12
3201 8
3202 16
3203 18
3204 12
3205 24
3206 12
3207 26
3208 20
3209 18
3210 14
3211 10
3212 18
3213 18
3214 22
3215 16
3216 34
3217 24
3218 18
3219 6
3220 8
3221 12
3222 14
3223 26
3224 12
3225 24
3226 22
3227 24
3228 22
3229 26
3230 20
3231 28
3232 18
3233 12
3234 18
3235 20
3236 24
3237 18
3238 14
3239 18
3240 20
3241 18
3242 12
3243 12
3244 10
3245 18
3246 8
3247 18
3248 12
3249 18
3250 18
3251 24
3252 10
3253 14
3254 18
3255 20
3256 16
3257 16
3258 12
3259 18
3260 20
3261 18
3262 6
3263 20
3264 14
3265 26
3266 12
3267 24
3268 16
3269 18
3270 16
3271 18
3272 18
3273 16
3274 14
3275 16
3276 20
3277 26
3278 8
3279 10
3280 8
3281 24
3282 28
3283 28
3284 20
3285 16
3286 4
3287 16
3288 10
3289 12
3290 12
3291 16
3292 22
3293 20
3294 14
3295 14
3296 20
3297 18
3298 4
3299 10
3300 22
3301 16
3302 8
3303 30
3304 8
3305 28
3306 14
3307 12
3308 20
3309 16
3310 12
3311 22
3312 30
3313 14
3314 14
3315 18
3316 12
3317 16
3318 18
3319 16
3320 8
3321 10
3322 0
3323 14
3324 12
3325 20
3326 4
3327 12
3328 8
3329 24
3330 16
3331 18
3332 18
3333 22
3334 22
3335 18
3336 22
3337 26
3338 12
3339 22
3340 16
3341 18
3342 4
3343 8
3344 8
3345 14
3346 12
3347 10
3348 10
3349 12
3350 16
3351 20
3352 8
3353 30
3354 18
3355 22
3356 16
3357 24
3358 4
3359 12
3360 8
3361 12
3362 16
3363 16
3364 8
3365 34
3366 12
3367 18
3368 16
3369 2
3370 12
3371 14
3372 14
3373 18
3374 24
3375 16
3376 8
3377 20
3378 14
3379 12
3380 6
3381 8
3382 6
3383 18
3384 10
3385 12
3386 2
3387 14
3388 16
3389 12
3390 12
3391 16
3392 14
3393 20
3394 22
3395 8
3396 14
3397 8
3398 6
3399 16
3400 18
3401 16
3402 10
3403 14
3404 10
3405 20
3406 14
3407 8
3408 6
3409 10
3410 4
3411 8
3412 10
3413 10
3414 10
3415 16
3416 18
3417 6
3418 10
3419 4
3420 4
3421 16
3422 10
3423 18
3424 6
3425 0
3426 2
3427 8
3428 6
3429 12
3430 6
3431 10
3432 4
3433 12
3434 10
3435 4
3436 14
3437 10
3438 8
3439 8
3440 2
3441 6
3442 6
3443 4
3444 6
3445 6
3446 2
3447 10
3448 4
3449 8
3450 2
3451 14
3452 4
3453 2
3454 6
3455 10
3456 6
3457 10
3458 8
3459 8
3460 16
3461 4
3462 4
3463 4
3464 8
3465 6
3466 4
3467 4
3468 4
3469 6
3470 4
3471 6
3472 4
3473 12
3474 2
3475 2
3476 6
3477 0
3478 8
3479 6
3480 4
3481 2
3482 2
3483 12
3484 8
3485 2
3486 10
3487 8
3488 6
3489 0
3490 8
3491 0
3492 6
3493 6
3494 6
3495 12
3496 10
3497 14
3498 2
3499 8
3500 4
3501 8
3502 4
3503 2
3504 6
3505 8
3506 2
3507 4
3508 6
3509 2
3510 0
3511 2
3512 4
3513 2
3514 4
3515 6
3516 2
3517 6
3518 2
3519 6
3520 2
3521 0
3522 2
3523 4
3524 4
3525 2
3526 8
3527 2
3528 4
3529 4
3530 4
3531 0
3532 0
3533 0
3534 2
3535 0
3536 4
3537 4
3538 4
3539 6
3540 6
3541 8
3542 2
3543 6
3544 4
3545 4
3546 2
3547 0
3548 2
3549 4
3550 2
3551 4
3552 0
3553 4
3554 4
3555 2
3556 2
3557 0
3558 4
3559 4
3560 2
3561 4
3562 0
3563 2
3564 4
3565 2
3566 6
3567 2
3568 4
3569 2
3570 2
3571 2
3572 0
3573 4
3574 0
3575 0
3576 2
3577 0
3578 0
3579 4
3580 8
3581 8
3582 4
3583 2
3584 2
3585 2
3586 0
3587 2
3588 0
3589 0
3590 4
3591 2
3592 2
3593 4
3594 2
3595 2
3596 4
3597 2
3598 0
3599 4
3600 4
3601 2
3602 4
3603 4
3604 0
3605 2
3606 0
3607 4
3608 8
3609 12
3610 12
3611 2
3612 4
3613 4
3614 2
3615 6
3616 0
3617 0
3618 6
3619 0
3620 2
3621 2
3622 4
3623 4
3624 2
3625 2
3626 4
3627 2
3628 4
3629 8
3630 6
3631 4
3632 10
3633 4
3634 0
3635 4
3636 4
3637 2
3638 6
3639 6
3640 2
3641 4
3642 0
3643 6
3644 8
3645 2
3646 2
3647 4
3648 4
3649 0
3650 2
3651 2
3652 0
3653 2
3654 2
3655 8
3656 2
3657 4
3658 4
3659 2
3660 4
3661 4
3662 0
3663 4
3664 4
3665 0
3666 0
3667 0
3668 0
3669 4
3670 4
3671 4
3672 4
3673 0
3674 4
3675 2
3676 6
3677 2
3678 0
3679 4
3680 4
3681 2
3682 0
3683 6
3684 4
3685 2
3686 0
3687 4
3688 0
3689 6
3690 4
3691 2
3692 2
3693 0
3694 2
3695 6
3696 0
3697 8
3698 2
3699 4
3700 8
3701 2
3702 2
3703 2
3704 0
3705 6
3706 0
3707 2
3708 0
3709 2
3710 2
3711 4
3712 0
3713 2
3714 2
3715 2
3716 0
3717 0
3718 0
3719 6
3720 2
3721 0
3722 0
3723 4
3724 4
3725 0
3726 0
3727 6
3728 0
3729 4
3730 0
3731 0
3732 0
3733 0
3734 2
3735 4
3736 0
3737 4
3738 0
3739 2
3740 4
3741 0
3742 0
3743 6
3744 0
3745 4
3746 2
3747 0
3748 0
3749 0
3750 0
3751 0
3752 0
3753 2
3754 2
3755 2
3756 0
3757 2
3758 0
3759 0
3760 0
3761 0
3762 0
3763 0
3764 4
3765 2
3766 2
3767 0
3768 0
3769 6
3770 0
3771 0
3772 2
3773 0
3774 0
3775 2
3776 0
3777 0
3778 0
3779 2
3780 2
3781 0
3782 2
3783 0
3784 0
3785 0
3786 0
3787 6
3788 0
3789 0
3790 0
3791 0
3792 0
3793 0
3794 0
3795 0
3796 0
3797 0
3798 0
3799 0
3800 0
3801 0
3802 0
3803 0
3804 0
3805 0
3806 0
3807 0
3808 2
3809 2
3810 2
3811 2
3812 0
3813 0
3814 0
3815 0
3816 2
3817 0
3818 0
3819 0
3820 0
3821 0
3822 0
3823 0
3824 0
3825 2
3826 0
3827 0
3828 0
3829 0
3830 0
3831 0
3832 2
3833 2
3834 2
3835 2
3836 0
3837 0
3838 0
3839 4
3840 0
3841 0
3842 0
3843 0
3844 0
3845 2
3846 0
3847 0
3848 2
3849 0
3850 0
3851 0
3852 0
3853 2
3854 2
3855 0
3856 0
3857 0
3858 0
3859 0
3860 0
3861 0
3862 0
3863 0
3864 0
3865 2
3866 0
3867 0
3868 0
3869 0
3870 0
3871 0
3872 0
3873 0
3874 0
3875 0
3876 0
3877 0
3878 0
3879 0
3880 0
3881 0
3882 0
3883 0
3884 0
3885 0
3886 0
3887 0
3888 0
3889 0
3890 0
3891 0
3892 0
3893 2
3894 0
3895 0
3896 0
3897 0
3898 0
3899 0
3900 0
3901 0
3902 0
3903 0
3904 0
3905 0
3906 0
3907 0
3908 0
3909 0
3910 0
3911 0
3912 0
3913 0
3914 0
3915 2
3916 0
3917 0
3918 0
3919 0
3920 0
3921 2
3922 2
3923 0
3924 0
3925 0
3926 0
3927 0
3928 0
3929 0
3930 0
3931 0
3932 2
3933 2
3934 0
3935 0
3936 2
3937 0
3938 0
3939 0
3940 0
3941 0
3942 0
3943 0
3944 0
3945 0
3946 0
3947 0
3948 0
3949 0
3950 0
3951 0
3952 0
3953 0
3954 0
3955 0
3956 0
3957 0
3958 2
3959 2
3960 0
3961 2
3962 0
3963 0
3964 0
3965 0
3966 2
3967 0
3968 0
3969 0
3970 2
3971 0
3972 0
3973 0
3974 0
3975 0
3976 0
3977 2
3978 0
3979 0
3980 0
3981 0
3982 0
3983 2
3984 0
3985 0
3986 0
3987 0
3988 0
3989 2
3990 0
3991 0
3992 0
3993 0
3994 0
3995 0
3996 0
3997 0
3998 0
3999 0
4000 0
4001 0
4002 0
4003 0
4004 2
4005 0
4006 0
4007 0
4008 0
4009 0
4010 0
4011 0
4012 0
4013 0
4014 0
4015 0
4016 0
4017 2
4018 0
4019 0
4020 0
4021 0
4022 0
4023 0
4024 0
4025 0
4026 0
4027 0
4028 0
4029 0
4030 0
4031 0
4032 0
4033 0
4034 0
4035 0
4036 0
4037 0
4038 0
4039 0
4040 0
4041 0
4042 0
4043 0
4044 0
4045 0
4046 0
4047 0
4048 0
4049 0
4050 0
4051 0
4052 0
4053 2
4054 0
4055 0
4056 0
4057 0
4058 0
4059 0
4060 0
4061 0
4062 0
4063 0
4064 0
4065 0
4066 0
4067 0
4068 0
4069 0
4070 0
4071 2
4072 0
4073 0
4074 0
4075 0
4076 0
4077 0
4078 0
4079 0
4080 0
4081 0
4082 0
4083 0
4084 0
4085 0
4086 0
4087 0
4088 0
4089 0
4090 0
4091 2
4092 2
4093 0
4094 2
4095 0
4096 0
4097 186
