8 0
9 0
10 0
11 0
12 2
13 4
14 6
15 26
16 34
17 62
18 106
19 222
20 314
21 804
22 1148
23 2620
24 4370
25 6906
26 7746
27 7746
28 7496
29 5474
30 3710
31 3702
32 3430
33 3186
34 3154
35 3154
36 3154
37 3052
38 3880
39 3342
40 3606
41 3606
42 3606
43 3754
44 3816
45 3872
46 4214
47 4550
48 4550
49 4674
50 4294
51 4674
52 4856
53 4856
54 4982
55 5046
56 5458
57 5458
58 5458
59 5602
60 5460
61 5570
62 5570
63 6516
64 6516
65 6726
66 6234
67 6234
68 6234
69 6500
70 8310
71 7318
72 8310
73 8274
74 8274
75 8024
76 8024
77 8222
78 9306
79 9888
80 9888
81 9816
82 9622
83 9622
84 9622
85 9804
86 11732
87 10992
88 11634
89 11634
90 11716
91 12022
92 11768
93 11770
94 11770
95 14100
96 14100
97 14260
98 14014
99 14014
100 14014
101 14270
102 16212
103 15434
104 16476
105 16476
106 16556
107 16640
108 16640
109 16836
110 18578
111 19780
112 19780
113 19606
114 19172
115 19606
116 19948
117 19948
118 19948
119 21672
120 22524
121 22524
122 22536
123 23118
124 22536
125 22096
126 22096
127 26560
128 26560
129 26502
130 24710
131 24710
132 24710
133 25358
134 31024
135 27094
136 30732
137 30178
138 30178
139 29386
140 29386
141 29332
142 33632
143 34528
144 34528
145 34774
146 32978
147 32978
148 32978
149 32582
150 39308
151 36186
152 37410
153 37410
154 37410
155 38290
156 37378
157 36886
158 36886
159 42900
160 42900
161 42696
162 40696
163 40696
164 40696
165 40712
166 49056
167 44284
168 46878
169 46878
170 46878
171 46508
172 46508
173 46508
174 49942
175 53440
176 53440
177 51142
178 50440
179 51142
180 51580
181 51580
182 51580
183 53842
184 55298
185 55298
186 55298
187 56410
188 54424
189 53062
190 53062
191 53062
192 52326
193 52326
194 58926
195 59842
196 58926
197 56856
198 5242
199 56856
200 3904
201 368
202 368
203 63538
204 63538
205 62342
206 6838
207 10716
208 10716
209 10716
210 4726
211 2032
212 2032
213 1046
214 11116
215 7088
216 8460
217 8460
218 8460
219 9710
220 5932
221 5058
222 5058
223 15850
224 15850
225 13444
226 9802
227 13444
228 13880
229 13880
230 14764
231 14286
232 17672
233 17672
234 17672
235 16908
236 16908
237 16908
238 20232
239 24620
240 24620
241 22506
242 17952
243 22506
244 17952
245 17136
246 17136
247 24798
248 24798
249 24798
250 23738
251 25870
252 22206
253 20528
254 20528
255 33244
256 33244
257 31974
258 15570
259 26886
260 26886
261 26886
262 43324
263 28266
264 39244
265 34310
266 34310
267 32362
268 32362
269 30144
270 45876
271 46548
272 46548
273 42962
274 39628
275 39628
276 39628
277 38318
278 60468
279 49982
280 54648
281 54648
282 55298
283 55298
284 55298
285 55324
286 55324
287 23596
288 23596
289 23596
290 18180
291 18180
292 57488
293 57488
294 51916
295 34962
296 47056
297 46840
298 46840
299 46840
300 47692
301 47692
302 41378
303 11312
304 11312
305 36966
306 47260
307 57906
308 47260
309 42898
310 42898
311 34498
312 34498
313 28576
314 24446
315 24446
316 25604
317 53014
318 57658
319 64076
320 64076
321 38608
322 29730
323 28236
324 28236
325 28236
326 15436
327 5440
328 1720
329 1720
330 56014
331 56014
332 54918
333 52992
334 50966
335 50862
336 50862
337 43764
338 40190
339 40190
340 40190
341 38560
342 40812
343 36988
344 37184
345 37184
346 37184
347 37278
348 35654
349 33240
350 33240
351 37664
352 37664
353 35494
354 33486
355 34944
356 34944
357 34944
358 35560
359 34626
360 35682
361 35682
362 35682
363 35354
364 35354
365 35354
366 35882
367 37420
368 37420
369 36160
370 33638
371 36160
372 33638
373 33034
374 33034
375 35918
376 35918
377 35918
378 35626
379 36320
380 35016
381 33318
382 33318
383 38396
384 38396
385 37100
386 34322
387 37100
388 40098
389 40098
390 39876
391 35266
392 37614
393 36986
394 36986
395 35266
396 35266
397 35162
398 38300
399 39238
400 39238
401 37596
402 35502
403 35502
404 35502
405 34334
406 39836
407 37078
408 37078
409 37078
410 36702
411 37740
412 36070
413 34120
414 34120
415 40204
416 40204
417 38256
418 35542
419 35542
420 35542
421 33800
422 40392
423 37238
424 38096
425 38026
426 38026
427 37892
428 37892
429 37892
430 38128
431 40340
432 40340
433 38070
434 36304
435 38070
436 36304
437 35002
438 35002
439 38412
440 38412
441 38140
442 37166
443 38140
444 35968
445 34738
446 34738
447 40262
448 40262
449 38786
450 36176
451 38786
452 38252
453 38252
454 38252
455 36898
456 37554
457 37554
458 37554
459 36958
460 36958
461 36958
462 38396
463 39976
464 39976
465 37878
466 35978
467 36852
468 36852
469 36852
470 38496
471 37928
472 37928
473 37928
474 37022
475 38236
476 35598
477 34262
478 34262
479 39106
480 39106
481 37714
482 34814
483 37714
484 34814
485 34432
486 34432
487 36882
488 36882
489 36882
490 36370
491 37050
492 36146
493 36146
494 36146
495 38224
496 38224
497 36984
498 34544
499 36984
500 34544
501 33186
502 33186
503 36328
504 36328
505 36012
506 34744
507 36012
508 33890
509 32516
510 32516
511 37270
512 37270
513 35598
514 30106
515 24810
516 12430
517 12430
518 31200
519 32398
520 36374
521 34394
522 34394
523 33010
524 33010
525 31774
526 36046
527 36046
528 36046
529 34084
530 31914
531 31914
532 31914
533 30588
534 36132
535 32876
536 33234
537 33234
538 33234
539 33640
540 31980
541 30568
542 30568
543 34270
544 34270
545 33044
546 31204
547 31204
548 31204
549 29130
550 35042
551 31196
552 32230
553 31200
554 31200
555 30674
556 30674
557 30674
558 32506
559 32952
560 32952
561 31146
562 29160
563 31146
564 29160
565 28782
566 28782
567 29636
568 29704
569 29704
570 29704
571 30046
572 28240
573 26874
574 26874
575 30580
576 30580
577 29232
578 26828
579 26828
580 26828
581 25708
582 30574
583 26838
584 28774
585 27980
586 27980
587 26456
588 26456
589 26080
590 28532
591 28780
592 28780
593 26948
594 25344
595 25344
596 25344
597 24742
598 28128
599 25700
600 25700
601 25700
602 25530
603 26046
604 24058
605 23218
606 23218
607 26370
608 26370
609 25566
610 23424
611 24528
612 24208
613 24208
614 24208
615 23414
616 23820
617 23820
618 23820
619 23834
620 23422
621 23422
622 23422
623 24222
624 24222
625 23090
626 21420
627 23090
628 21420
629 20558
630 20558
631 22064
632 22064
633 21760
634 21418
635 21760
636 20192
637 19266
638 19266
639 22206
640 22206
641 21342
642 19128
643 19128
644 19128
645 18506
646 21976
647 19140
648 19990
649 19848
650 19848
651 18560
652 18560
653 18252
654 19954
655 19954
656 19954
657 18996
658 17204
659 17204
660 17204
661 17104
662 19130
663 17916
664 17916
665 17868
666 17546
667 17868
668 16848
669 15728
670 15728
671 17880
672 17880
673 16658
674 15560
675 15560
676 15560
677 15106
678 17420
679 15980
680 16204
681 16050
682 16050
683 15534
684 15358
685 15358
686 15358
687 16106
688 16106
689 15176
690 14196
691 15176
692 14196
693 13606
694 13606
695 14410
696 14410
697 14102
698 13586
699 14102
700 13458
701 12738
702 12738
703 14036
704 14036
705 13578
706 12610
707 13428
708 12936
709 12936
710 12936
711 12218
712 12852
713 12622
714 12622
715 12126
716 12126
717 12126
718 12414
719 12478
720 12478
721 11694
722 10858
723 11452
724 11452
725 11452
726 11576
727 11260
728 11260
729 11218
730 11032
731 11218
732 10622
733 10006
734 10006
735 10888
736 10888
737 10616
738 9656
739 10616
740 9656
741 9320
742 9320
743 9976
744 9976
745 9976
746 9718
747 9660
748 9428
749 9428
750 9428
751 9950
752 9950
753 9392
754 8664
755 9392
756 8664
757 8206
758 8206
759 8948
760 8948
761 8836
762 8530
763 8836
764 8082
765 7588
766 7588
767 8920
768 8920
769 8448
770 7338
771 7364
772 7364
773 7364
774 8498
775 7628
776 7776
777 7628
778 7614
779 7380
780 7380
781 7344
782 7818
783 7884
784 7884
785 7600
786 6856
787 6856
788 6856
789 6796
790 7494
791 7096
792 7096
793 6770
794 6554
795 6770
796 6550
797 6192
798 6192
799 6982
800 6982
801 6676
802 6216
803 6216
804 6216
805 5846
806 6564
807 6008
808 6096
809 6096
810 6096
811 6330
812 5780
813 5780
814 5780
815 6134
816 6134
817 5976
818 5432
819 5976
820 5432
821 5248
822 5248
823 5534
824 5534
825 5534
826 5382
827 5670
828 5272
829 5028
830 5028
831 5550
832 5550
833 5302
834 4870
835 4870
836 4870
837 4660
838 5506
839 5058
840 5058
841 5044
842 4866
843 4970
844 4970
845 4970
846 4998
847 4998
848 4998
849 4696
850 4556
851 4696
852 4764
853 4764
854 4764
855 4756
856 4756
857 4674
858 4440
859 4674
860 4242
861 4094
862 4094
863 4760
864 4760
865 4386
866 4092
867 4386
868 4092
869 3926
870 3926
871 4404
872 4404
873 4262
874 3946
875 4262
876 4182
877 4182
878 4182
879 4440
880 4440
881 4222
882 3686
883 4222
884 3686
885 3556
886 3556
887 4022
888 4022
889 3890
890 3752
891 3890
892 3752
893 3568
894 3568
895 4056
896 4056
897 3856
898 3570
899 3856
900 3570
901 3282
902 3282
903 3634
904 3634
905 3634
906 3558
907 3498
908 3472
909 3472
910 3472
911 3724
912 3724
913 3528
914 3280
915 3468
916 3450
917 3450
918 3450
919 3422
920 3422
921 3422
922 3402
923 3426
924 3192
925 2972
926 2972
927 3486
928 3486
929 3424
930 3014
931 3166
932 3106
933 3106
934 3106
935 3172
936 3172
937 3172
938 3014
939 3228
940 2992
941 2992
942 2992
943 3178
944 3178
945 3026
946 2934
947 3026
948 2934
949 2804
950 2804
951 2952
952 2952
953 2952
954 2890
955 3086
956 2888
957 2774
958 2774
959 3030
960 3030
961 2982
962 2678
963 2936
964 2678
965 2622
966 2622
967 2916
968 2916
969 2858
970 2788
971 2858
972 2738
973 2738
974 2738
975 2908
976 2908
977 2902
978 2664
979 2874
980 2702
981 2702
982 2702
983 2770
984 2770
985 2640
986 2524
987 2640
988 2524
989 2580
990 2580
991 2828
992 2828
993 2696
994 2372
995 2696
996 2372
997 2376
998 2376
999 2598
1000 2598
1001 2598
1002 2492
1003 2612
1004 2492
1005 2564
1006 2564
1007 2702
1008 2702
1009 2632
1010 2382
1011 2632
1012 2382
1013 2440
1014 2440
1015 2554
1016 2554
1017 2426
1018 2426
1019 2426
1020 2214
1021 2252
1022 2252
1023 2688
1024 2688
1025 2452
1026 1950
1027 1204
1028 1204
1029 2164
1030 2712
1031 2346
1032 2498
1033 2498
1034 2498
1035 2412
1036 2412
1037 2318
1038 2488
1039 2548
1040 2548
1041 2402
1042 2326
1043 2326
1044 2326
1045 2096
1046 2470
1047 2328
1048 2370
1049 2370
1050 2370
1051 2398
1052 2270
1053 2222
1054 2222
1055 2474
1056 2474
1057 2330
1058 2084
1059 2084
1060 2084
1061 2076
1062 2466
1063 2130
1064 2322
1065 2266
1066 2266
1067 2162
1068 2162
1069 2162
1070 2310
1071 2390
1072 2390
1073 2104
1074 2104
1075 2218
1076 2218
1077 1964
1078 1964
1079 2208
1080 2208
1081 2118
1082 2118
1083 2146
1084 2146
1085 1962
1086 1962
1087 2272
1088 2272
1089 2122
1090 1930
1091 1930
1092 1930
1093 1848
1094 2322
1095 2162
1096 2162
1097 2094
1098 2092
1099 2088
1100 2088
1101 2088
1102 2166
1103 2208
1104 2208
1105 2116
1106 1886
1107 1962
1108 1962
1109 1962
1110 2142
1111 2012
1112 2012
1113 2012
1114 1988
1115 2144
1116 1892
1117 1848
1118 1848
1119 2052
1120 2052
1121 2182
1122 1740
1123 1980
1124 1868
1125 1892
1126 1892
1127 1892
1128 1954
1129 1932
1130 1932
1131 1932
1132 1920
1133 1920
1134 1920
1135 1936
1136 1936
1137 1890
1138 1818
1139 1890
1140 1818
1141 1758
1142 1758
1143 1892
1144 1892
1145 1892
1146 1832
1147 1932
1148 1832
1149 1698
1150 1698
1151 2046
1152 2046
1153 1820
1154 1768
1155 1820
1156 1838
1157 1838
1158 1940
1159 1676
1160 1804
1161 1804
1162 1804
1163 1882
1164 1894
1165 1894
1166 1940
1167 1934
1168 1934
1169 1736
1170 1580
1171 1634
1172 1634
1173 1634
1174 1744
1175 1806
1176 1806
1177 1804
1178 1668
1179 1804
1180 1628
1181 1632
1182 1632
1183 1800
1184 1800
1185 1720
1186 1628
1187 1628
1188 1628
1189 1576
1190 1800
1191 1626
1192 1752
1193 1752
1194 1752
1195 1698
1196 1590
1197 1484
1198 1484
1199 1714
1200 1714
1201 1618
1202 1592
1203 1618
1204 1592
1205 1460
1206 1460
1207 1682
1208 1682
1209 1658
1210 1516
1211 1658
1212 1482
1213 1506
1214 1506
1215 1654
1216 1654
1217 1578
1218 1386
1219 1578
1220 1478
1221 1478
1222 1478
1223 1560
1224 1628
1225 1562
1226 1562
1227 1562
1228 1484
1229 1470
1230 1470
1231 1610
1232 1610
1233 1492
1234 1416
1235 1492
1236 1416
1237 1422
1238 1422
1239 1532
1240 1532
1241 1444
1242 1386
1243 1444
1244 1382
1245 1348
1246 1348
1247 1478
1248 1478
1249 1490
1250 1324
1251 1490
1252 1324
1253 1262
1254 1262
1255 1326
1256 1390
1257 1338
1258 1338
1259 1338
1260 1328
1261 1328
1262 1328
1263 1522
1264 1522
1265 1408
1266 1194
1267 1408
1268 1194
1269 1178
1270 1178
1271 1218
1272 1218
1273 1320
1274 1204
1275 1320
1276 1160
1277 1132
1278 1132
1279 1442
1280 1442
1281 1272
1282 1200
1283 1226
1284 1226
1285 1226
1286 1266
1287 1168
1288 1208
1289 1206
1290 1206
1291 1164
1292 1164
1293 1094
1294 1234
1295 1234
1296 1234
1297 1134
1298 1038
1299 1134
1300 1220
1301 1220
1302 1220
1303 1132
1304 1132
1305 1132
1306 1036
1307 1146
1308 1000
1309 1040
1310 1040
1311 1150
1312 1150
1313 1116
1314 1016
1315 1016
1316 1016
1317 998
1318 1096
1319 1118
1320 1118
1321 1090
1322 968
1323 1020
1324 958
1325 1020
1326 1058
1327 1068
1328 1058
1329 1060
1330 856
1331 1060
1332 856
1333 896
1334 896
1335 930
1336 930
1337 930
1338 942
1339 978
1340 978
1341 934
1342 934
1343 980
1344 980
1345 878
1346 826
1347 878
1348 956
1349 956
1350 930
1351 902
1352 902
1353 900
1354 830
1355 850
1356 830
1357 794
1358 794
1359 880
1360 880
1361 908
1362 784
1363 888
1364 784
1365 766
1366 766
1367 852
1368 852
1369 822
1370 760
1371 822
1372 760
1373 748
1374 748
1375 860
1376 860
1377 768
1378 734
1379 768
1380 734
1381 700
1382 700
1383 750
1384 750
1385 774
1386 692
1387 734
1388 700
1389 700
1390 700
1391 718
1392 718
1393 716
1394 658
1395 716
1396 658
1397 658
1398 658
1399 658
1400 630
1401 630
1402 592
1403 666
1404 570
1405 648
1406 648
1407 664
1408 664
1409 696
1410 616
1411 696
1412 616
1413 608
1414 608
1415 626
1416 626
1417 584
1418 530
1419 584
1420 558
1421 570
1422 570
1423 576
1424 576
1425 622
1426 540
1427 576
1428 554
1429 554
1430 554
1431 562
1432 562
1433 546
1434 528
1435 546
1436 524
1437 494
1438 494
1439 530
1440 530
1441 552
1442 504
1443 552
1444 504
1445 490
1446 490
1447 512
1448 512
1449 460
1450 460
1451 484
1452 484
1453 424
1454 424
1455 486
1456 486
1457 492
1458 368
1459 492
1460 368
1461 422
1462 422
1463 480
1464 480
1465 438
1466 406
1467 438
1468 386
1469 420
1470 396
1471 420
1472 396
1473 476
1474 316
1475 476
1476 316
1477 388
1478 388
1479 416
1480 416
1481 406
1482 378
1483 378
1484 378
1485 354
1486 372
1487 372
1488 372
1489 384
1490 330
1491 340
1492 330
1493 330
1494 330
1495 344
1496 368
1497 344
1498 332
1499 332
1500 280
1501 276
1502 276
1503 362
1504 362
1505 340
1506 270
1507 340
1508 270
1509 278
1510 278
1511 332
1512 332
1513 318
1514 300
1515 318
1516 278
1517 270
1518 270
1519 324
1520 324
1521 288
1522 282
1523 288
1524 282
1525 276
1526 276
1527 288
1528 288
1529 300
1530 274
1531 308
1532 260
1533 260
1534 260
1535 262
1536 262
1537 262
1538 246
1539 298
1540 246
1541 234
1542 234
1543 252
1544 252
1545 238
1546 238
1547 236
1548 236
1549 212
1550 212
1551 260
1552 260
1553 232
1554 232
1555 236
1556 236
1557 212
1558 212
1559 240
1560 240
1561 228
1562 176
1563 228
1564 186
1565 186
1566 186
1567 234
1568 234
1569 208
1570 196
1571 208
1572 196
1573 204
1574 204
1575 220
1576 220
1577 216
1578 216
1579 214
1580 190
1581 214
1582 200
1583 220
1584 200
1585 192
1586 174
1587 192
1588 174
1589 142
1590 142
1591 180
1592 180
1593 180
1594 178
1595 184
1596 154
1597 166
1598 160
1599 166
1600 160
1601 164
1602 154
1603 164
1604 164
1605 172
1606 164
1607 162
1608 150
1609 150
1610 144
1611 192
1612 144
1613 158
1614 158
1615 158
1616 148
1617 134
1618 118
1619 134
1620 126
1621 172
1622 168
1623 168
1624 150
1625 150
1626 158
1627 162
1628 162
1629 118
1630 118
1631 158
1632 158
1633 152
1634 134
1635 152
1636 134
1637 124
1638 124
1639 134
1640 146
1641 152
1642 146
1643 130
1644 126
1645 128
1646 128
1647 128
1648 128
1649 120
1650 118
1651 118
1652 118
1653 112
1654 92
1655 112
1656 94
1657 118
1658 118
1659 136
1660 136
1661 110
1662 110
1663 110
1664 110
1665 124
1666 106
1667 124
1668 116
1669 116
1670 116
1671 126
1672 126
1673 122
1674 92
1675 92
1676 92
1677 100
1678 106
1679 114
1680 114
1681 112
1682 106
1683 106
1684 106
1685 98
1686 96
1687 98
1688 96
1689 96
1690 96
1691 96
1692 96
1693 94
1694 82
1695 94
1696 82
1697 80
1698 80
1699 102
1700 102
1701 86
1702 86
1703 86
1704 82
1705 82
1706 80
1707 96
1708 86
1709 98
1710 86
1711 88
1712 82
1713 88
1714 82
1715 106
1716 76
1717 74
1718 74
1719 102
1720 102
1721 92
1722 80
1723 92
1724 74
1725 60
1726 60
1727 90
1728 90
1729 78
1730 52
1731 78
1732 52
1733 76
1734 76
1735 92
1736 92
1737 92
1738 88
1739 76
1740 76
1741 76
1742 82
1743 84
1744 84
1745 84
1746 66
1747 102
1748 66
1749 64
1750 64
1751 68
1752 68
1753 68
1754 66
1755 78
1756 72
1757 72
1758 70
1759 66
1760 66
1761 70
1762 74
1763 76
1764 76
1765 60
1766 60
1767 74
1768 80
1769 80
1770 60
1771 60
1772 68
1773 68
1774 74
1775 74
1776 74
1777 76
1778 72
1779 76
1780 72
1781 54
1782 54
1783 50
1784 72
1785 62
1786 68
1787 68
1788 68
1789 68
1790 66
1791 86
1792 66
1793 62
1794 60
1795 62
1796 60
1797 52
1798 52
1799 60
1800 60
1801 60
1802 54
1803 54
1804 64
1805 64
1806 68
1807 66
1808 66
1809 66
1810 68
1811 68
1812 62
1813 56
1814 56
1815 64
1816 64
1817 64
1818 66
1819 66
1820 54
1821 54
1822 54
1823 54
1824 54
1825 50
1826 50
1827 54
1828 60
1829 54
1830 64
1831 52
1832 46
1833 46
1834 64
1835 64
1836 50
1837 50
1838 50
1839 62
1840 62
1841 62
1842 46
1843 62
1844 46
1845 50
1846 50
1847 52
1848 54
1849 64
1850 64
1851 58
1852 56
1853 38
1854 38
1855 50
1856 50
1857 40
1858 40
1859 52
1860 52
1861 52
1862 46
1863 46
1864 42
1865 36
1866 36
1867 42
1868 42
1869 42
1870 42
1871 44
1872 44
1873 46
1874 46
1875 46
1876 46
1877 48
1878 46
1879 48
1880 48
1881 56
1882 48
1883 50
1884 44
1885 44
1886 44
1887 56
1888 56
1889 36
1890 36
1891 36
1892 40
1893 40
1894 40
1895 48
1896 48
1897 48
1898 40
1899 44
1900 36
1901 36
1902 36
1903 38
1904 38
1905 48
1906 42
1907 48
1908 42
1909 42
1910 34
1911 42
1912 32
1913 40
1914 32
1915 40
1916 26
1917 38
1918 38
1919 40
1920 40
1921 32
1922 32
1923 32
1924 24
1925 38
1926 32
1927 38
1928 40
1929 40
1930 20
1931 20
1932 28
1933 48
1934 44
1935 44
1936 40
1937 38
1938 38
1939 38
1940 38
1941 38
1942 36
1943 44
1944 36
1945 34
1946 32
1947 34
1948 32
1949 30
1950 30
1951 30
1952 30
1953 40
1954 30
1955 48
1956 28
1957 32
1958 32
1959 36
1960 36
1961 36
1962 24
1963 36
1964 30
1965 30
1966 30
1967 32
1968 32
1969 32
1970 32
1971 32
1972 32
1973 22
1974 22
1975 22
1976 30
1977 38
1978 34
1979 38
1980 34
1981 36
1982 34
1983 34
1984 28
1985 28
1986 22
1987 34
1988 42
1989 42
1990 24
1991 24
1992 20
1993 26
1994 40
1995 40
1996 34
1997 32
1998 32
1999 32
2000 22
2001 22
2002 22
2003 26
2004 26
2005 26
2006 20
2007 30
2008 20
2009 34
2010 32
2011 34
2012 32
2013 24
2014 24
2015 28
2016 28
2017 28
2018 28
2019 30
2020 28
2021 20
2022 14
2023 20
2024 16
2025 38
2026 20
2027 28
2028 20
2029 24
2030 18
2031 24
2032 18
2033 28
2034 34
2035 36
2036 34
2037 24
2038 24
2039 24
2040 26
2041 26
2042 26
2043 24
2044 16
2045 22
2046 22
2047 24
2048 24
2049 30
2050 24
2051 30
2052 24
2053 10
2054 10
2055 22
2056 26
2057 26
2058 32
2059 32
2060 24
2061 18
2062 18
2063 18
2064 18
2065 10
2066 10
2067 18
2068 18
2069 18
2070 18
2071 20
2072 20
2073 20
2074 18
2075 20
2076 22
2077 22
2078 22
2079 18
2080 16
2081 16
2082 28
2083 28
2084 22
2085 10
2086 18
2087 12
2088 16
2089 16
2090 16
2091 18
2092 12
2093 12
2094 12
2095 14
2096 18
2097 20
2098 18
2099 16
2100 16
2101 16
2102 12
2103 18
2104 16
2105 22
2106 16
2107 12
2108 12
2109 26
2110 26
2111 26
2112 20
2113 14
2114 14
2115 26
2116 26
2117 22
2118 22
2119 18
2120 10
2121 10
2122 12
2123 12
2124 12
2125 12
2126 14
2127 14
2128 14
2129 14
2130 14
2131 14
2132 18
2133 16
2134 16
2135 16
2136 14
2137 16
2138 16
2139 30
2140 30
2141 12
2142 10
2143 10
2144 8
2145 12
2146 18
2147 18
2148 12
2149 12
2150 10
2151 12
2152 10
2153 12
2154 10
2155 18
2156 14
2157 14
2158 12
2159 12
2160 8
2161 14
2162 14
2163 18
2164 18
2165 14
2166 14
2167 12
2168 10
2169 10
2170 10
2171 12
2172 12
2173 8
2174 8
2175 8
2176 8
2177 8
2178 8
2179 8
2180 12
2181 12
2182 10
2183 8
2184 6
2185 8
2186 12
2187 12
2188 12
2189 12
2190 12
2191 12
2192 12
2193 10
2194 10
2195 10
2196 10
2197 10
2198 10
2199 10
2200 12
2201 12
2202 14
2203 6
2204 8
2205 8
2206 8
2207 8
2208 8
2209 6
2210 8
2211 8
2212 14
2213 14
2214 8
2215 8
2216 8
2217 8
2218 8
2219 10
2220 8
2221 10
2222 6
2223 12
2224 6
2225 6
2226 6
2227 12
2228 12
2229 6
2230 4
2231 4
2232 4
2233 6
2234 2
2235 6
2236 6
2237 6
2238 6
2239 8
2240 8
2241 6
2242 4
2243 6
2244 4
2245 6
2246 8
2247 10
2248 10
2249 6
2250 4
2251 6
2252 8
2253 8
2254 8
2255 6
2256 8
2257 6
2258 2
2259 2
2260 2
2261 6
2262 6
2263 6
2264 4
2265 4
2266 4
2267 8
2268 4
2269 6
2270 4
2271 4
2272 4
2273 4
2274 4
2275 4
2276 8
2277 8
2278 8
2279 8
2280 6
2281 6
2282 6
2283 6
2284 6
2285 6
2286 4
2287 4
2288 8
2289 8
2290 6
2291 6
2292 6
2293 6
2294 6
2295 4
2296 2
2297 2
2298 4
2299 4
2300 4
2301 4
2302 6
2303 6
2304 6
2305 2
2306 2
2307 2
2308 4
2309 6
2310 6
2311 6
2312 4
2313 4
2314 4
2315 4
2316 6
2317 6
2318 4
2319 4
2320 4
2321 4
2322 4
2323 4
2324 4
2325 4
2326 6
2327 2
2328 4
2329 2
2330 4
2331 6
2332 6
2333 4
2334 4
2335 8
2336 8
2337 6
2338 4
2339 2
2340 2
2341 4
2342 4
2343 4
2344 2
2345 4
2346 2
2347 2
2348 2
2349 4
2350 6
2351 4
2352 4
2353 4
2354 4
2355 4
2356 4
2357 4
2358 2
2359 4
2360 4
2361 4
2362 4
2363 8
2364 8
2365 4
2366 2
2367 2
2368 2
2369 2
2370 4
2371 6
2372 8
2373 8
2374 8
2375 2
2376 8
2377 2
2378 8
2379 6
2380 6
2381 4
2382 4
2383 4
2384 4
2385 2
2386 2
2387 2
2388 2
2389 0
2390 0
2391 0
2392 2
2393 4
2394 4
2395 2
2396 2
2397 2
2398 4
2399 2
2400 4
2401 2
2402 4
2403 2
2404 4
2405 2
2406 2
2407 2
2408 2
2409 2
2410 2
2411 2
2412 2
2413 0
2414 2
2415 2
2416 6
2417 4
2418 4
2419 0
2420 0
2421 0
2422 0
2423 0
2424 4
2425 4
2426 2
2427 2
2428 4
2429 4
2430 4
2431 2
2432 2
2433 2
2434 0
2435 0
2436 2
2437 2
2438 2
2439 2
2440 2
2441 2
2442 2
2443 2
2444 0
2445 0
2446 0
2447 4
2448 4
2449 4
2450 2
2451 2
2452 0
2453 2
2454 2
2455 2
2456 6
2457 2
2458 2
2459 2
2460 2
2461 0
2462 0
2463 0
2464 0
2465 2
2466 2
2467 2
2468 2
2469 2
2470 0
2471 0
2472 0
2473 2
2474 4
2475 4
2476 4
2477 2
2478 2
2479 0
2480 0
2481 0
2482 0
2483 2
2484 4
2485 2
2486 0
2487 0
2488 0
2489 0
2490 4
2491 0
2492 0
2493 0
2494 0
2495 0
2496 2
2497 0
2498 2
2499 0
2500 2
2501 0
2502 2
2503 0
2504 4
2505 0
2506 4
2507 2
2508 2
2509 0
2510 0
2511 0
2512 0
2513 0
2514 0
2515 0
2516 0
2517 2
2518 4
2519 2
2520 0
2521 0
2522 0
2523 0
2524 0
2525 2
2526 4
2527 2
2528 2
2529 2
2530 0
2531 0
2532 0
2533 2
2534 2
2535 0
2536 0
2537 4
2538 4
2539 0
2540 0
2541 0
2542 4
2543 4
2544 0
2545 0
2546 2
2547 2
2548 2
2549 6
2550 6
2551 4
2552 4
2553 0
2554 0
2555 0
2556 0
2557 0
2558 0
2559 0
2560 0
2561 0
2562 0
2563 0
2564 0
2565 0
2566 2
2567 2
2568 2
2569 4
2570 2
2571 2
2572 2
2573 0
2574 2
2575 0
2576 2
2577 0
2578 2
2579 2
2580 2
2581 2
2582 0
2583 2
2584 2
2585 4
2586 2
2587 2
2588 2
2589 2
2590 2
2591 0
2592 0
2593 2
2594 2
2595 2
2596 0
2597 0
2598 0
2599 0
2600 0
2601 0
2602 0
2603 0
2604 0
2605 0
2606 0
2607 2
2608 2
2609 2
2610 2
2611 2
2612 2
2613 0
2614 0
2615 0
2616 0
2617 0
2618 0
2619 0
2620 0
2621 0
2622 0
2623 0
2624 0
2625 0
2626 0
2627 2
2628 2
2629 2
2630 2
2631 2
2632 0
2633 0
2634 0
2635 0
2636 0
2637 0
2638 0
2639 0
2640 0
2641 0
2642 0
2643 0
2644 0
2645 0
2646 2
2647 2
2648 2
2649 0
2650 0
2651 0
2652 0
2653 2
2654 0
2655 0
2656 0
2657 0
2658 0
2659 0
2660 0
2661 0
2662 0
2663 2
2664 2
2665 2
2666 2
2667 0
2668 0
2669 0
2670 0
2671 0
2672 0
2673 0
2674 0
2675 0
2676 0
2677 0
2678 0
2679 0
2680 0
2681 0
2682 0
2683 0
2684 0
2685 0
2686 0
2687 0
2688 0
2689 0
2690 0
2691 0
2692 0
2693 0
2694 0
2695 0
2696 0
2697 0
2698 2
2699 2
2700 0
2701 0
2702 4
2703 4
2704 2
2705 2
2706 0
2707 0
2708 0
2709 0
2710 2
2711 0
2712 0
2713 0
2714 0
2715 0
2716 0
2717 0
2718 0
2719 0
2720 0
2721 0
2722 0
2723 0
2724 0
2725 0
2726 0
2727 0
2728 2
2729 2
2730 2
2731 2
2732 0
2733 0
2734 0
2735 0
2736 0
2737 0
2738 0
2739 0
2740 0
2741 0
2742 0
2743 0
2744 0
2745 0
2746 0
2747 0
2748 0
2749 0
2750 0
2751 0
2752 0
2753 0
2754 2
2755 2
2756 0
2757 0
2758 0
2759 0
2760 0
2761 0
2762 0
2763 0
2764 0
2765 2
2766 0
2767 2
2768 0
2769 0
2770 0
2771 0
2772 0
2773 0
2774 0
2775 0
2776 0
2777 0
2778 0
2779 0
2780 2
2781 2
2782 2
2783 2
2784 0
2785 0
2786 0
2787 0
2788 0
2789 0
2790 0
2791 0
2792 0
2793 0
2794 0
2795 0
2796 0
2797 2
2798 0
2799 0
2800 0
2801 0
2802 0
2803 0
2804 0
2805 0
2806 0
2807 0
2808 0
2809 2
2810 0
2811 0
2812 0
2813 0
2814 0
2815 0
2816 2
2817 0
2818 0
2819 0
2820 0
2821 0
2822 0
2823 0
2824 0
2825 0
2826 0
2827 2
2828 2
2829 0
2830 0
2831 0
2832 0
2833 0
2834 0
2835 0
2836 2
2837 0
2838 0
2839 0
2840 0
2841 0
2842 0
2843 0
2844 0
2845 0
2846 0
2847 0
2848 0
2849 0
2850 0
2851 0
2852 0
2853 0
2854 0
2855 0
2856 0
2857 0
2858 0
2859 0
2860 0
2861 0
2862 0
2863 0
2864 0
2865 0
2866 0
2867 0
2868 0
2869 0
2870 0
2871 0
2872 0
2873 0
2874 0
2875 0
2876 0
2877 0
2878 0
2879 0
2880 0
2881 2
2882 0
2883 0
2884 0
2885 0
2886 0
2887 0
2888 0
2889 0
2890 0
2891 0
2892 0
2893 0
2894 0
2895 0
2896 0
2897 0
2898 0
2899 0
2900 0
2901 0
2902 0
2903 0
2904 0
2905 0
2906 0
2907 0
2908 0
2909 0
2910 0
2911 0
2912 2
2913 2
2914 0
2915 0
2916 0
2917 0
2918 0
2919 0
2920 0
2921 0
2922 0
2923 0
2924 0
2925 0
2926 0
2927 0
2928 0
2929 0
2930 0
2931 0
2932 0
2933 0
2934 0
2935 0
2936 0
2937 0
2938 0
2939 0
2940 0
2941 0
2942 0
2943 0
2944 0
2945 0
2946 0
2947 0
2948 0
2949 0
2950 0
2951 0
2952 0
2953 0
2954 0
2955 0
2956 0
2957 0
2958 0
2959 0
2960 0
2961 0
2962 0
2963 0
2964 0
2965 0
2966 0
2967 0
2968 0
2969 0
2970 0
2971 0
2972 0
2973 0
2974 0
2975 2
2976 2
2977 0
2978 0
2979 0
2980 0
2981 0
2982 0
2983 0
2984 0
2985 0
2986 0
2987 0
2988 0
2989 0
2990 2
2991 0
2992 2
2993 2
2994 2
2995 0
2996 0
2997 0
2998 0
2999 0
3000 0
3001 0
3002 0
3003 0
3004 0
3005 0
3006 0
3007 0
3008 0
3009 0
3010 0
3011 0
3012 0
3013 0
3014 0
3015 0
3016 0
3017 0
3018 0
3019 0
3020 0
3021 0
3022 0
3023 0
3024 0
3025 2
3026 2
3027 0
3028 0
3029 0
3030 0
3031 0
3032 0
3033 0
3034 0
3035 0
3036 0
3037 0
3038 0
3039 0
3040 0
3041 0
3042 0
3043 0
3044 0
3045 0
3046 0
3047 0
3048 0
3049 0
3050 0
3051 0
3052 0
3053 0
3054 0
3055 0
3056 2
3057 2
3058 0
3059 0
3060 0
3061 0
3062 0
3063 0
3064 0
3065 0
3066 0
3067 0
3068 0
3069 0
3070 0
3071 0
3072 0
3073 0
3074 0
3075 0
3076 0
3077 0
3078 0
3079 0
3080 0
3081 0
3082 0
3083 0
3084 0
3085 0
3086 0
3087 0
3088 0
3089 0
3090 0
3091 0
3092 0
3093 0
3094 0
3095 0
3096 0
3097 0
3098 0
3099 0
3100 0
3101 0
3102 0
3103 0
3104 0
3105 0
3106 0
3107 0
3108 0
3109 0
3110 0
3111 0
3112 0
3113 0
3114 0
3115 0
3116 0
3117 0
3118 0
3119 0
3120 0
3121 0
3122 0
3123 0
3124 0
3125 0
3126 0
3127 0
3128 0
3129 0
3130 0
3131 0
3132 0
3133 0
3134 0
3135 0
3136 0
3137 0
3138 0
3139 0
3140 0
3141 0
3142 0
3143 0
3144 0
3145 0
3146 0
3147 0
3148 0
3149 0
3150 0
3151 0
3152 0
3153 0
3154 0
3155 0
3156 0
3157 0
3158 0
3159 0
3160 0
3161 0
3162 0
3163 0
3164 0
3165 0
3166 0
3167 0
3168 0
3169 0
3170 2
3171 2
3172 2
3173 0
3174 0
3175 0
3176 0
3177 0
3178 0
3179 0
3180 0
3181 0
3182 0
3183 0
3184 0
3185 0
3186 0
3187 0
3188 0
3189 0
3190 0
3191 0
3192 0
3193 0
3194 0
3195 0
3196 0
3197 0
3198 0
3199 0
3200 0
3201 0
3202 0
3203 0
3204 0
3205 0
3206 0
3207 0
3208 0
3209 0
3210 0
3211 0
3212 0
3213 0
3214 0
3215 0
3216 0
3217 0
3218 0
3219 0
3220 0
3221 0
3222 0
3223 0
3224 0
3225 0
3226 0
3227 0
3228 0
3229 0
3230 0
3231 0
3232 0
3233 0
3234 0
3235 0
3236 0
3237 0
3238 0
3239 0
3240 0
3241 0
3242 0
3243 0
3244 0
3245 0
3246 0
3247 0
3248 0
3249 0
3250 0
3251 0
3252 0
3253 0
3254 0
3255 0
3256 0
3257 0
3258 0
3259 0
3260 0
3261 0
3262 0
3263 0
3264 0
3265 0
3266 0
3267 0
3268 0
3269 0
3270 0
3271 0
3272 0
3273 0
3274 0
3275 0
3276 0
3277 0
3278 0
3279 0
3280 0
3281 0
3282 0
3283 0
3284 0
3285 0
3286 0
3287 0
3288 0
3289 0
3290 0
3291 0
3292 0
3293 0
3294 0
3295 0
3296 0
3297 0
3298 0
3299 0
3300 0
3301 0
3302 0
3303 0
3304 0
3305 0
3306 0
3307 0
3308 0
3309 0
3310 0
3311 0
3312 0
3313 0
3314 0
3315 0
3316 0
3317 0
3318 0
3319 0
3320 0
3321 0
3322 0
3323 0
3324 0
3325 0
3326 0
3327 0
3328 0
3329 0
3330 0
3331 0
3332 0
3333 0
3334 0
3335 0
3336 0
3337 0
3338 0
3339 0
3340 0
3341 0
3342 0
3343 0
3344 0
3345 0
3346 0
3347 0
3348 0
3349 0
3350 0
3351 0
3352 0
3353 0
3354 0
3355 0
3356 0
3357 0
3358 0
3359 0
3360 0
3361 0
3362 0
3363 0
3364 0
3365 0
3366 0
3367 0
3368 0
3369 0
3370 0
3371 0
3372 0
3373 0
3374 0
3375 0
3376 0
3377 0
3378 0
3379 0
3380 0
3381 0
3382 0
3383 0
3384 0
3385 0
3386 0
3387 0
3388 0
3389 0
3390 0
3391 0
3392 0
3393 0
3394 0
3395 0
3396 0
3397 0
3398 0
3399 0
3400 0
3401 0
3402 0
3403 0
3404 0
3405 0
3406 0
3407 0
3408 0
3409 0
3410 0
3411 0
3412 0
3413 0
3414 0
3415 0
3416 0
3417 0
3418 0
3419 0
3420 0
3421 0
3422 0
3423 0
3424 0
3425 0
3426 0
3427 0
3428 0
3429 0
3430 0
3431 0
3432 0
3433 0
3434 0
3435 0
3436 0
3437 0
3438 0
3439 0
3440 0
3441 0
3442 0
3443 0
3444 0
3445 0
3446 0
3447 0
3448 0
3449 0
3450 0
3451 0
3452 0
3453 0
3454 0
3455 0
3456 0
3457 0
3458 0
3459 0
3460 0
3461 0
3462 0
3463 0
3464 0
3465 0
3466 0
3467 0
3468 0
3469 0
3470 0
3471 0
3472 0
3473 0
3474 0
3475 0
3476 0
3477 0
3478 0
3479 0
3480 0
3481 0
3482 0
3483 0
3484 0
3485 0
3486 0
3487 0
3488 0
3489 0
3490 0
3491 0
3492 0
3493 0
3494 0
3495 0
3496 0
3497 0
3498 0
3499 0
3500 0
3501 0
3502 0
3503 0
3504 0
3505 0
3506 0
3507 0
3508 0
3509 0
3510 0
3511 0
3512 0
3513 0
3514 0
3515 0
3516 0
3517 0
3518 0
3519 0
3520 0
3521 0
3522 0
3523 0
3524 0
3525 0
3526 0
3527 0
3528 0
3529 0
3530 0
3531 0
3532 0
3533 0
3534 0
3535 0
3536 0
3537 0
3538 0
3539 0
3540 0
3541 0
3542 0
3543 0
3544 0
3545 0
3546 0
3547 0
3548 0
3549 0
3550 0
3551 0
3552 0
3553 0
3554 0
3555 0
3556 0
3557 0
3558 0
3559 0
3560 0
3561 0
3562 0
3563 0
3564 0
3565 0
3566 0
3567 0
3568 0
3569 0
3570 0
3571 0
3572 0
3573 0
3574 0
3575 0
3576 0
3577 0
3578 0
3579 0
3580 0
3581 0
3582 0
3583 0
3584 0
3585 0
3586 0
3587 0
3588 0
3589 2
3590 0
3591 0
3592 0
3593 0
3594 0
3595 0
3596 0
3597 0
3598 0
3599 0
3600 0
3601 0
3602 0
3603 0
3604 0
3605 0
3606 0
3607 0
3608 0
3609 0
3610 0
3611 0
3612 0
3613 0
3614 0
3615 0
3616 0
3617 0
3618 0
3619 0
3620 0
3621 0
3622 0
3623 0
3624 0
3625 0
3626 0
3627 0
3628 0
3629 0
3630 0
3631 0
3632 0
3633 0
3634 0
3635 0
3636 0
3637 0
3638 0
3639 0
3640 0
3641 0
3642 0
3643 0
3644 0
3645 0
3646 0
3647 0
3648 0
3649 0
3650 0
3651 0
3652 0
3653 0
3654 0
3655 0
3656 0
3657 0
3658 0
3659 0
3660 0
3661 0
3662 0
3663 0
3664 0
3665 0
3666 0
3667 0
3668 0
3669 0
3670 0
3671 0
3672 0
3673 0
3674 0
3675 0
3676 0
3677 0
3678 0
3679 0
3680 0
3681 0
3682 0
3683 0
3684 0
3685 0
3686 0
3687 0
3688 0
3689 0
3690 0
3691 0
3692 0
3693 0
3694 0
3695 0
3696 0
3697 0
3698 0
3699 0
3700 0
3701 0
3702 0
3703 0
3704 0
3705 0
3706 0
3707 0
3708 0
3709 0
3710 0
3711 0
3712 0
3713 0
3714 0
3715 0
3716 0
3717 0
3718 0
3719 0
3720 0
3721 0
3722 0
3723 0
3724 0
3725 0
3726 0
3727 0
3728 0
3729 0
3730 0
3731 0
3732 0
3733 0
3734 0
3735 0
3736 0
3737 0
3738 0
3739 0
3740 0
3741 0
3742 0
3743 0
3744 0
3745 0
3746 0
3747 0
3748 0
3749 0
3750 0
3751 0
3752 0
3753 0
3754 0
3755 0
3756 0
3757 0
3758 0
3759 0
3760 0
3761 0
3762 0
3763 0
3764 0
3765 0
3766 0
3767 0
3768 0
3769 0
3770 0
3771 0
3772 0
3773 0
3774 0
3775 0
3776 0
3777 0
3778 0
3779 0
3780 0
3781 0
3782 0
3783 0
3784 0
3785 0
3786 0
3787 0
3788 0
3789 0
3790 0
3791 0
3792 0
3793 0
3794 0
3795 0
3796 0
3797 0
3798 0
3799 0
3800 0
3801 0
3802 0
3803 0
3804 0
3805 0
3806 0
3807 0
3808 0
3809 0
3810 0
3811 0
3812 0
3813 0
3814 0
3815 0
3816 0
3817 0
3818 0
3819 0
3820 0
3821 0
3822 0
3823 0
3824 0
3825 0
3826 0
3827 0
3828 0
3829 0
3830 0
3831 0
3832 0
3833 0
3834 0
3835 0
3836 0
3837 0
3838 0
3839 0
3840 0
3841 0
3842 0
3843 0
3844 0
3845 0
3846 0
3847 0
3848 0
3849 0
3850 0
3851 0
3852 0
3853 0
3854 0
3855 0
3856 0
3857 0
3858 0
3859 0
3860 0
3861 0
3862 0
3863 0
3864 0
3865 0
3866 0
3867 0
3868 0
3869 0
3870 0
3871 0
3872 0
3873 0
3874 0
3875 0
3876 0
3877 0
3878 0
3879 0
3880 0
3881 0
3882 0
3883 0
3884 0
3885 0
3886 0
3887 0
3888 0
3889 0
3890 0
3891 0
3892 0
3893 0
3894 0
3895 0
3896 0
3897 0
3898 0
3899 0
3900 0
3901 0
3902 0
3903 0
3904 0
3905 0
3906 0
3907 0
3908 0
3909 0
3910 0
3911 0
3912 0
3913 0
3914 0
3915 0
3916 0
3917 0
3918 0
3919 0
3920 0
3921 0
3922 0
3923 0
3924 0
3925 0
3926 0
3927 0
3928 0
3929 0
3930 0
3931 0
3932 0
3933 0
3934 0
3935 0
3936 0
3937 0
3938 0
3939 0
3940 0
3941 0
3942 0
3943 0
3944 0
3945 0
3946 0
3947 0
3948 0
3949 0
3950 0
3951 0
3952 0
3953 0
3954 0
3955 0
3956 0
3957 0
3958 0
3959 0
3960 0
3961 0
3962 0
3963 0
3964 0
3965 0
3966 0
3967 0
3968 0
3969 0
3970 0
3971 0
3972 0
3973 0
3974 0
3975 0
3976 0
3977 0
3978 0
3979 0
3980 0
3981 0
3982 0
3983 0
3984 0
3985 0
3986 0
3987 0
3988 0
3989 0
3990 0
3991 0
3992 0
3993 0
3994 0
3995 0
3996 0
3997 0
3998 0
3999 0
4000 0
4001 0
4002 0
4003 0
4004 0
4005 0
4006 0
4007 0
4008 0
4009 0
4010 0
4011 0
4012 0
4013 0
4014 0
4015 0
4016 0
4017 0
4018 0
4019 0
4020 0
4021 0
4022 0
4023 0
4024 0
4025 0
4026 0
4027 0
4028 0
4029 0
4030 0
4031 0
4032 0
4033 0
4034 0
4035 0
4036 0
4037 0
4038 0
4039 0
4040 0
4041 0
4042 0
4043 0
4044 0
4045 0
4046 0
4047 0
4048 0
4049 0
4050 0
4051 0
4052 0
4053 0
4054 0
4055 0
4056 0
4057 0
4058 0
4059 0
4060 0
4061 0
4062 0
4063 0
4064 0
4065 0
4066 0
4067 0
4068 0
4069 0
4070 0
4071 0
4072 0
4073 0
4074 0
4075 0
4076 0
4077 0
4078 0
4079 0
4080 0
4081 0
4082 0
4083 0
4084 0
4085 0
4086 0
4087 0
4088 0
4089 0
4090 0
4091 0
4092 0
4093 0
4094 0
4095 0
4096 0
4097 0
4098 0
4099 0
